20000000 00000000 00000000 e0000000 00000000 00000001
20000000 00000000 00000000 e4000000 40000000 00000001
20000000 00000000 00000000 e8000000 80000000 00000001
20000000 00000000 00000000 ec000000 c0000000 00000001
20000000 00000000 00000000 f0000000 00000000 00000001
20000000 00000000 00000000 f4000000 40000000 00000001
20000000 00000000 00000000 f8000000 80000000 00000001
20000000 00000000 00000000 fc000000 c0000000 00000001
20000000 00000000 00000000 00000000 00000000 00000001
20000000 00000000 00000000 04000000 40000000 00000001
20000000 00000000 00000000 08000000 80000000 00000001
20000000 00000000 00000000 0c000000 c0000000 00000001
20000000 00000000 00000000 10000000 00000000 00000001
20000000 00000000 00000000 14000000 40000000 00000001
20000000 00000000 00000000 18000000 80000000 00000001
20000000 00000000 00000000 1c000000 c0000000 00000001
20000000 00000000 00000000 e0000000 00000000 00000002
20000000 00000000 00000000 e4000000 40000000 00000002
20000000 00000000 00000000 e8000000 80000000 00000002
20000000 00000000 00000000 ec000000 c0000000 00000002
20000000 00000000 00000000 f0000000 00000000 00000002
20000000 00000000 00000000 f4000000 40000000 00000002
20000000 00000000 00000000 f8000000 80000000 00000002
20000000 00000000 00000000 fc000000 c0000000 00000002
20000000 00000000 00000000 00000000 00000000 00000002
20000000 00000000 00000000 04000000 40000000 00000002
20000000 00000000 00000000 08000000 80000000 00000002
20000000 00000000 00000000 0c000000 c0000000 00000002
20000000 00000000 00000000 10000000 00000000 00000002
20000000 00000000 00000000 14000000 40000000 00000002
20000000 00000000 00000000 18000000 80000000 00000002
20000000 00000000 00000000 1c000000 c0000000 00000002
20000000 00000000 00000000 e0000000 00000000 00000003
20000000 00000000 00000000 e4000000 40000000 00000003
20000000 00000000 00000000 e8000000 80000000 00000003
20000000 00000000 00000000 ec000000 c0000000 00000003
20000000 00000000 00000000 f0000000 00000000 00000003
20000000 00000000 00000000 f4000000 40000000 00000003
20000000 00000000 00000000 f8000000 80000000 00000003
20000000 00000000 00000000 fc000000 c0000000 00000003
20000000 00000000 00000000 00000000 00000000 00000003
20000000 00000000 00000000 04000000 40000000 00000003
20000000 00000000 00000000 08000000 80000000 00000003
20000000 00000000 00000000 0c000000 c0000000 00000003
20000000 00000000 00000000 10000000 00000000 00000003
20000000 00000000 00000000 14000000 40000000 00000003
20000000 00000000 00000000 18000000 80000000 00000003
20000000 00000000 00000000 1c000000 c0000000 00000003
00000000 40000000 00000000 00000000 00000000 00000001
00000000 40000000 00000000 40000000 40000000 00000001
00000000 40000000 00000000 00000000 80000000 00000001
00000000 40000000 00000000 c0000000 c0000000 00000001
00000000 40000000 00000000 00000000 00000000 00000001
00000000 40000000 00000000 40000000 40000000 00000001
00000000 40000000 00000000 00000000 80000000 00000001
00000000 40000000 00000000 c0000000 c0000000 00000001
00000000 40000000 00000000 00000000 00000000 00000001
00000000 40000000 00000000 40000000 40000000 00000001
00000000 40000000 00000000 00000000 80000000 00000001
00000000 40000000 00000000 c0000000 c0000000 00000001
00000000 40000000 00000000 00000000 00000000 00000001
00000000 40000000 00000000 40000000 40000000 00000001
00000000 40000000 00000000 00000000 80000000 00000001
00000000 40000000 00000000 c0000000 c0000000 00000001
00000000 40000000 00000000 00000000 00000000 00000002
00000000 40000000 00000000 40000000 40000000 00000002
00000000 40000000 00000000 00000000 80000000 00000002
00000000 40000000 00000000 c0000000 c0000000 00000002
00000000 40000000 00000000 00000000 00000000 00000002
00000000 40000000 00000000 40000000 40000000 00000002
00000000 40000000 00000000 00000000 80000000 00000002
00000000 40000000 00000000 c0000000 c0000000 00000002
00000000 40000000 00000000 00000000 00000000 00000002
00000000 40000000 00000000 40000000 40000000 00000002
00000000 40000000 00000000 00000000 80000000 00000002
00000000 40000000 00000000 c0000000 c0000000 00000002
00000000 40000000 00000000 00000000 00000000 00000002
00000000 40000000 00000000 40000000 40000000 00000002
00000000 40000000 00000000 00000000 80000000 00000002
00000000 40000000 00000000 c0000000 c0000000 00000002
00000000 40000000 00000000 00000000 00000000 00000003
00000000 40000000 00000000 40000000 40000000 00000003
00000000 40000000 00000000 00000000 80000000 00000003
00000000 40000000 00000000 c0000000 c0000000 00000003
00000000 40000000 00000000 00000000 00000000 00000003
00000000 40000000 00000000 40000000 40000000 00000003
00000000 40000000 00000000 00000000 80000000 00000003
00000000 40000000 00000000 c0000000 c0000000 00000003
00000000 40000000 00000000 00000000 00000000 00000003
00000000 40000000 00000000 40000000 40000000 00000003
00000000 40000000 00000000 00000000 80000000 00000003
00000000 40000000 00000000 c0000000 c0000000 00000003
00000000 40000000 00000000 00000000 00000000 00000003
00000000 40000000 00000000 40000000 40000000 00000003
00000000 40000000 00000000 00000000 80000000 00000003
00000000 40000000 00000000 c0000000 c0000000 00000003
30000000 60000000 20000000 f0000000 00000000 00000001
30000000 60000000 20000000 55ffffff 40000000 00000001
30000000 60000000 20000000 fc000000 80000000 00000001
30000000 60000000 20000000 a2000000 c0000000 00000001
30000000 60000000 20000000 08000000 00000000 00000001
30000000 60000000 20000000 6dffffff 40000000 00000001
30000000 60000000 20000000 14000000 80000000 00000001
30000000 60000000 20000000 ba000000 c0000000 00000001
30000000 60000000 20000000 20000000 00000000 00000001
30000000 60000000 20000000 7fffffff 40000000 00000001
30000000 60000000 20000000 2c000000 80000000 00000001
30000000 60000000 20000000 d2000000 c0000000 00000001
30000000 60000000 20000000 38000000 00000000 00000001
30000000 60000000 20000000 7fffffff 40000000 00000001
30000000 60000000 20000000 44000000 80000000 00000001
30000000 60000000 20000000 ea000000 c0000000 00000001
30000000 60000000 20000000 f0000000 00000000 00000002
30000000 60000000 20000000 55ffffff 40000000 00000002
30000000 60000000 20000000 fc000000 80000000 00000002
30000000 60000000 20000000 a2000000 c0000000 00000002
30000000 60000000 20000000 08000000 00000000 00000002
30000000 60000000 20000000 6dffffff 40000000 00000002
30000000 60000000 20000000 14000000 80000000 00000002
30000000 60000000 20000000 ba000000 c0000000 00000002
30000000 60000000 20000000 20000000 00000000 00000002
30000000 60000000 20000000 7fffffff 40000000 00000002
30000000 60000000 20000000 2c000000 80000000 00000002
30000000 60000000 20000000 d2000000 c0000000 00000002
30000000 60000000 20000000 38000000 00000000 00000002
30000000 60000000 20000000 7fffffff 40000000 00000002
30000000 60000000 20000000 44000000 80000000 00000002
30000000 60000000 20000000 ea000000 c0000000 00000002
30000000 60000000 20000000 f0000000 00000000 00000003
30000000 60000000 20000000 55ffffff 40000000 00000003
30000000 60000000 20000000 fc000000 80000000 00000003
30000000 60000000 20000000 a2000000 c0000000 00000003
30000000 60000000 20000000 08000000 00000000 00000003
30000000 60000000 20000000 6dffffff 40000000 00000003
30000000 60000000 20000000 14000000 80000000 00000003
30000000 60000000 20000000 ba000000 c0000000 00000003
30000000 60000000 20000000 20000000 00000000 00000003
30000000 60000000 20000000 7fffffff 40000000 00000003
30000000 60000000 20000000 2c000000 80000000 00000003
30000000 60000000 20000000 d2000000 c0000000 00000003
30000000 60000000 20000000 38000000 00000000 00000003
30000000 60000000 20000000 7fffffff 40000000 00000003
30000000 60000000 20000000 44000000 80000000 00000003
30000000 60000000 20000000 ea000000 c0000000 00000003
c0000000 70000000 b0000000 f0000000 00000000 00000001
c0000000 70000000 b0000000 57ffffff 40000000 00000001
c0000000 70000000 b0000000 e0000000 80000000 00000001
c0000000 70000000 b0000000 80000000 c0000000 00000001
c0000000 70000000 b0000000 d0000000 00000000 00000001
c0000000 70000000 b0000000 37ffffff 40000000 00000001
c0000000 70000000 b0000000 c0000000 80000000 00000001
c0000000 70000000 b0000000 80000000 c0000000 00000001
c0000000 70000000 b0000000 b0000000 00000000 00000001
c0000000 70000000 b0000000 17ffffff 40000000 00000001
c0000000 70000000 b0000000 a0000000 80000000 00000001
c0000000 70000000 b0000000 80000000 c0000000 00000001
c0000000 70000000 b0000000 90000000 00000000 00000001
c0000000 70000000 b0000000 f7ffffff 40000000 00000001
c0000000 70000000 b0000000 80000000 80000000 00000001
c0000000 70000000 b0000000 80000000 c0000000 00000001
c0000000 70000000 b0000000 f0000000 00000000 00000002
c0000000 70000000 b0000000 57ffffff 40000000 00000002
c0000000 70000000 b0000000 e0000000 80000000 00000002
c0000000 70000000 b0000000 80000000 c0000000 00000002
c0000000 70000000 b0000000 d0000000 00000000 00000002
c0000000 70000000 b0000000 37ffffff 40000000 00000002
c0000000 70000000 b0000000 c0000000 80000000 00000002
c0000000 70000000 b0000000 80000000 c0000000 00000002
c0000000 70000000 b0000000 b0000000 00000000 00000002
c0000000 70000000 b0000000 17ffffff 40000000 00000002
c0000000 70000000 b0000000 a0000000 80000000 00000002
c0000000 70000000 b0000000 80000000 c0000000 00000002
c0000000 70000000 b0000000 90000000 00000000 00000002
c0000000 70000000 b0000000 f7ffffff 40000000 00000002
c0000000 70000000 b0000000 80000000 80000000 00000002
c0000000 70000000 b0000000 80000000 c0000000 00000002
c0000000 70000000 b0000000 f0000000 00000000 00000003
c0000000 70000000 b0000000 57ffffff 40000000 00000003
c0000000 70000000 b0000000 e0000000 80000000 00000003
c0000000 70000000 b0000000 80000000 c0000000 00000003
c0000000 70000000 b0000000 d0000000 00000000 00000003
c0000000 70000000 b0000000 37ffffff 40000000 00000003
c0000000 70000000 b0000000 c0000000 80000000 00000003
c0000000 70000000 b0000000 80000000 c0000000 00000003
c0000000 70000000 b0000000 b0000000 00000000 00000003
c0000000 70000000 b0000000 17ffffff 40000000 00000003
c0000000 70000000 b0000000 a0000000 80000000 00000003
c0000000 70000000 b0000000 80000000 c0000000 00000003
c0000000 70000000 b0000000 90000000 00000000 00000003
c0000000 70000000 b0000000 f7ffffff 40000000 00000003
c0000000 70000000 b0000000 80000000 80000000 00000003
c0000000 70000000 b0000000 80000000 c0000000 00000003
